0.000000 0.000000
0.010000 0.038724
0.020000 0.137990
0.030000 0.276526
0.040000 0.440150
0.050000 0.620683
0.060000 0.811578
0.070000 1.009564
0.080000 1.211913
0.090000 1.417535
0.100000 1.625883
0.110000 1.833141
0.120000 2.026218
0.130000 2.190934
0.140000 2.330014
0.150000 2.457096
0.160000 2.573270
0.170000 2.680171
0.180000 2.779437
0.190000 2.873794
0.200000 2.962151
0.210000 3.041782
0.220000 3.113231
0.230000 3.178135
0.240000 3.235404
0.250000 3.284492
0.260000 3.326488
0.270000 3.362486
0.280000 3.390847
0.290000 3.413209
0.300000 3.429572
0.310000 3.441026
0.320000 3.447571
0.330000 3.450843
0.340000 3.451389
0.350000 3.447571
0.360000 3.441026
0.370000 3.430663
0.380000 3.418118
0.390000 3.403937
0.400000 3.388120
0.410000 3.370122
0.420000 3.351578
0.430000 3.332488
0.440000 3.312853
0.450000 3.293764
0.460000 3.274674
0.470000 3.255584
0.480000 3.237586
0.490000 3.220132
0.500000 3.203770
0.510000 3.189044
0.520000 3.174863
0.530000 3.161228
0.540000 3.149229
0.550000 3.139411
0.560000 3.130139
0.570000 3.121958
0.580000 3.114867
0.590000 3.108868
0.600000 3.104504
0.610000 3.100687
0.620000 3.097960
0.630000 3.096323
0.640000 3.095232
0.650000 3.094687
0.660000 3.094687
0.670000 3.094687
0.680000 3.094687
0.690000 3.094687
0.700000 3.094687
0.710000 3.094687
0.720000 3.094687
0.730000 3.094687
0.740000 3.095232
0.750000 3.096323
0.760000 3.098505
0.770000 3.100141
0.780000 3.102323
0.790000 3.104504
0.800000 3.107777
0.810000 3.109959
0.820000 3.112686
0.830000 3.115958
0.840000 3.118685
0.850000 3.121412
0.860000 3.123594
0.870000 3.126866
0.880000 3.129048
0.890000 3.131230
0.900000 3.133411
0.910000 3.135048
0.920000 3.137229
0.930000 3.138865
0.940000 3.140502
0.950000 3.141593
0.960000 3.142684
0.970000 3.143774
0.980000 3.144320
0.990000 3.145411
1.000000 3.145956
1.010000 3.145956
1.020000 3.145956
1.030000 3.146501
1.040000 3.147047
1.050000 3.147047
1.060000 3.147047
1.070000 3.147047
1.080000 3.147047
1.090000 3.147047
1.100000 3.147047
1.110000 3.147047
1.120000 3.147047
1.130000 3.147047
1.140000 3.147047
1.150000 3.147047
1.160000 3.147047
1.170000 3.147047
1.180000 3.147047
1.190000 3.147047
1.200000 3.147047
1.210000 3.147047
1.220000 3.147047
1.230000 3.147047
1.240000 3.147047
1.250000 3.147047
1.260000 3.147047
1.270000 3.147047
1.280000 3.147047
1.290000 3.147047
1.300000 3.147047
1.310000 3.147047
1.320000 3.147047
1.330000 3.147047
1.340000 3.147047
1.350000 3.147047
1.360000 3.147047
1.370000 3.147047
1.380000 3.147047
1.390000 3.147047
1.400000 3.147047
1.410000 3.147047
1.420000 3.147047
1.430000 3.147047
1.440000 3.147047
1.450000 3.147047
1.460000 3.147047
1.470000 3.147047
1.480000 3.147047
1.490000 3.147047
1.500000 3.147047
1.510000 3.147047
1.520000 3.147047
1.530000 3.146501
1.540000 3.145956
1.550000 3.145956
1.560000 3.145956
1.570000 3.144865
1.580000 3.144320
1.590000 3.144320
1.600000 3.144320
1.610000 3.143229
1.620000 3.142138
1.630000 3.142138
1.640000 3.141593
1.650000 3.141593
1.660000 3.141047
1.670000 3.140502
1.680000 3.140502
1.690000 3.140502
1.700000 3.139956
1.710000 3.139411
1.720000 3.139411
1.730000 3.139411
1.740000 3.139411
1.750000 3.139411
1.760000 3.138865
1.770000 3.138865
1.780000 3.138865
1.790000 3.138865
1.800000 3.138865
1.810000 3.138865
1.820000 3.138865
1.830000 3.138865
1.840000 3.138865
1.850000 3.138865
1.860000 3.138865
1.870000 3.138865
1.880000 3.138865
1.890000 3.138865
1.900000 3.138865
1.910000 3.138865
1.920000 3.138865
1.930000 3.138865
1.940000 3.138865
1.950000 3.138865
1.960000 3.138865
1.970000 3.138865
1.980000 3.138865
1.990000 3.138865
2.000000 3.138865
