0.000000 3.140000
0.010000 3.101276
0.020000 3.002010
0.030000 2.863474
0.040000 2.699850
0.050000 2.519317
0.060000 2.328422
0.070000 2.130436
0.080000 1.928087
0.090000 1.722466
0.100000 1.514117
0.110000 1.306859
0.120000 1.113782
0.130000 0.949066
0.140000 0.809986
0.150000 0.682904
0.160000 0.566730
0.170000 0.459829
0.180000 0.360563
0.190000 0.266207
0.200000 0.177849
0.210000 0.098218
0.220000 0.026769
0.230000 -0.038135
0.240000 -0.095404
0.250000 -0.144491
0.260000 -0.186488
0.270000 -0.222486
0.280000 -0.250847
0.290000 -0.273209
0.300000 -0.289572
0.310000 -0.301026
0.320000 -0.307571
0.330000 -0.310843
0.340000 -0.311388
0.350000 -0.307571
0.360000 -0.301026
0.370000 -0.290663
0.380000 -0.278118
0.390000 -0.263937
0.400000 -0.248120
0.410000 -0.230122
0.420000 -0.211577
0.440000 -0.172853
0.450000 -0.153764
0.460000 -0.134674
0.470000 -0.115584
0.480000 -0.097586
0.490000 -0.080132
0.500000 -0.063770
0.510000 -0.049044
0.520000 -0.034863
0.530000 -0.021228
0.540000 -0.009228
0.550000 0.000589
0.560000 0.009861
0.570000 0.018042
0.580000 0.025133
0.590000 0.031132
0.600000 0.035496
0.610000 0.039314
0.620000 0.042041
0.630000 0.043677
0.640000 0.044768
0.650000 0.045313
0.660000 0.045313
0.670000 0.045313
0.680000 0.045313
0.690000 0.045313
0.700000 0.045313
0.710000 0.045313
0.720000 0.045313
0.730000 0.045313
0.740000 0.044768
0.750000 0.043677
0.760000 0.041495
0.770000 0.039859
0.780000 0.037677
0.790000 0.035496
0.800000 0.032223
0.810000 0.030041
0.820000 0.027314
0.830000 0.024042
0.840000 0.021315
0.850000 0.018588
0.860000 0.016406
0.870000 0.013134
0.880000 0.010952
0.890000 0.008770
0.900000 0.006589
0.910000 0.004952
0.920000 0.002771
0.930000 0.001135
0.940000 -0.000502
0.950000 -0.001593
0.960000 -0.002683
0.970000 -0.003774
0.980000 -0.004320
0.990000 -0.005410
1.000000 -0.005956
1.010000 -0.005956
1.020000 -0.005956
1.030000 -0.006501
1.040000 -0.007047
1.050000 -0.007047
1.060000 -0.007047
1.070000 -0.007047
1.080000 -0.007047
1.090000 -0.007047
1.100000 -0.007047
1.110000 -0.007047
1.120000 -0.007047
1.130000 -0.007047
1.140000 -0.007047
1.150000 -0.007047
1.160000 -0.007047
1.170000 -0.007047
1.180000 -0.007047
1.190000 -0.007047
1.200000 -0.007047
1.210000 -0.007047
1.220000 -0.007047
1.230000 -0.007047
1.240000 -0.007047
1.250000 -0.007047
1.260000 -0.007047
1.270000 -0.007047
1.280000 -0.007047
1.290000 -0.007047
1.300000 -0.007047
1.310000 -0.007047
1.320000 -0.007047
1.330000 -0.007047
1.340000 -0.007047
1.350000 -0.007047
1.360000 -0.007047
1.370000 -0.007047
1.380000 -0.007047
1.390000 -0.007047
1.400000 -0.007047
1.410000 -0.007047
1.420000 -0.007047
1.430000 -0.007047
1.440000 -0.007047
1.450000 -0.007047
1.460000 -0.007047
1.470000 -0.007047
1.480000 -0.007047
1.490000 -0.007047
1.500000 -0.007047
1.510000 -0.007047
1.520000 -0.007047
1.530000 -0.006501
1.540000 -0.005956
1.550000 -0.005956
1.560000 -0.005956
1.570000 -0.004865
1.580000 -0.004320
1.590000 -0.004320
1.600000 -0.004320
1.610000 -0.003229
1.620000 -0.002138
1.630000 -0.002138
1.640000 -0.001593
1.650000 -0.001593
1.660000 -0.001047
1.670000 -0.000502
1.680000 -0.000502
1.690000 -0.000502
1.700000 0.000044
1.710000 0.000589
1.720000 0.000589
1.730000 0.000589
1.740000 0.000589
1.750000 0.000589
1.760000 0.001135
1.770000 0.001135
1.780000 0.001135
1.790000 0.001135
1.800000 0.001135
1.810000 0.001135
1.820000 0.001135
1.830000 0.001135
1.840000 0.001135
1.850000 0.001135
1.860000 0.001135
1.870000 0.001135
1.880000 0.001135
1.890000 0.001135
1.900000 0.001135
1.910000 0.001135
1.920000 0.001135
1.930000 0.001135
1.940000 0.001135
1.950000 0.001135
1.960000 0.001135
1.970000 0.001135
1.980000 0.001135
1.990000 0.001135
2.000000 0.001135
