0.000000 12.000000
0.010000 12.000000
0.020000 12.000000
0.030000 12.000000
0.040000 12.000000
0.050000 12.000000
0.060000 12.000000
0.070000 12.000000
0.080000 12.000000
0.090000 12.000000
0.100000 10.993640
0.110000 6.365644
0.120000 4.095789
0.130000 4.681538
0.140000 5.437761
0.150000 4.357089
0.160000 4.850285
0.170000 5.023194
0.180000 4.858023
0.190000 4.135413
0.200000 3.488397
0.210000 3.256922
0.220000 2.942303
0.230000 2.354688
0.240000 1.962387
0.250000 1.714903
0.260000 1.351969
0.270000 0.864035
0.280000 0.732001
0.290000 0.426269
0.300000 0.216371
0.310000 -0.079227
0.320000 -0.278383
0.330000 -0.664106
0.340000 -1.072818
0.350000 -1.116711
0.360000 -1.333977
0.370000 -1.266504
0.380000 -1.369252
0.390000 -1.481428
0.400000 -1.514173
0.410000 -1.364452
0.420000 -1.407081
0.430000 -1.386921
0.440000 -1.302459
0.450000 -1.349607
0.460000 -1.261912
0.470000 -1.124091
0.480000 -1.133297
0.490000 -1.024627
0.500000 -0.982807
0.510000 -1.024689
0.520000 -0.872749
0.530000 -0.697531
0.540000 -0.697819
0.550000 -0.807338
0.560000 -0.651386
0.570000 -0.583766
0.580000 -0.522665
0.590000 -0.471112
0.600000 -0.530514
0.610000 -0.423348
0.620000 -0.418815
0.630000 -0.435225
0.640000 -0.376792
0.650000 -0.329630
0.660000 -0.295015
0.670000 -0.175841
0.680000 -0.056667
0.690000 0.062506
0.700000 0.181680
0.710000 0.300853
0.720000 0.420027
0.730000 0.539200
0.740000 0.559761
0.750000 0.564746
0.760000 0.454268
0.770000 0.605783
0.780000 0.569780
0.790000 0.612677
0.800000 0.452487
0.810000 0.650151
0.820000 0.574309
0.830000 0.477198
0.840000 0.554732
0.850000 0.540498
0.860000 0.617705
0.870000 0.407390
0.880000 0.554811
0.890000 0.527377
0.900000 0.494249
0.910000 0.553959
0.920000 0.426151
0.930000 0.475900
0.940000 0.436671
0.950000 0.491788
0.960000 0.459521
0.970000 0.424348
0.980000 0.484920
0.990000 0.360885
1.000000 0.417153
1.010000 0.486084
1.020000 0.470420
1.030000 0.356143
1.040000 0.324947
1.050000 0.391009
1.060000 0.372477
1.070000 0.353944
1.080000 0.335411
1.090000 0.316878
1.100000 0.298345
1.110000 0.279812
1.120000 0.261280
1.130000 0.242747
1.140000 0.224214
1.150000 0.205681
1.160000 0.187148
1.170000 0.168616
1.180000 0.150083
1.190000 0.131550
1.200000 0.113017
1.210000 0.094484
1.220000 0.075951
1.230000 0.057419
1.240000 0.038886
1.250000 0.020353
1.260000 0.001820
1.270000 -0.016713
1.280000 -0.035246
1.290000 -0.053778
1.300000 -0.072311
1.310000 -0.090844
1.320000 -0.109377
1.330000 -0.127910
1.340000 -0.146442
1.350000 -0.164975
1.360000 -0.183508
1.370000 -0.202041
1.380000 -0.220574
1.390000 -0.239107
1.400000 -0.257639
1.410000 -0.276172
1.420000 -0.294705
1.430000 -0.313238
1.440000 -0.331771
1.450000 -0.350303
1.460000 -0.368836
1.470000 -0.387369
1.480000 -0.405902
1.490000 -0.424435
1.500000 -0.442968
1.510000 -0.461500
1.520000 -0.480033
1.530000 -0.399910
1.540000 -0.402990
1.550000 -0.503213
1.560000 -0.518877
1.570000 -0.337229
1.580000 -0.420601
1.590000 -0.516520
1.600000 -0.527881
1.610000 -0.341972
1.620000 -0.322306
1.630000 -0.497119
1.640000 -0.404129
1.650000 -0.492875
1.660000 -0.398408
1.670000 -0.387101
1.680000 -0.473016
1.690000 -0.474335
1.700000 -0.377041
1.710000 -0.362829
1.720000 -0.445875
1.730000 -0.444325
1.740000 -0.442776
1.750000 -0.441226
1.760000 -0.341021
1.770000 -0.422632
1.780000 -0.419648
1.790000 -0.416664
1.800000 -0.413680
1.810000 -0.410696
1.820000 -0.407712
1.830000 -0.404727
1.840000 -0.401743
1.850000 -0.398759
1.860000 -0.395775
1.870000 -0.392791
1.880000 -0.389807
1.890000 -0.386823
1.900000 -0.383839
1.910000 -0.380855
1.920000 -0.377871
1.930000 -0.374887
1.940000 -0.371902
1.950000 -0.368918
1.960000 -0.365934
1.970000 -0.362950
1.980000 -0.359966
1.990000 -0.356982
2.000000 -0.353998
